,First component,Second component,SOC,Label,Occupation Category
0,24.316048,-22.799225,11-1011.00,11,Management
1,29.596083,-26.538729,11-1011.03,11,Management
2,15.675175,-17.448736,11-1021.00,11,Management
3,30.994286,-21.394068,11-2011.00,11,Management
4,30.844921,-21.659258,11-2021.00,11,Management
5,28.831148,-22.2019,11-2022.00,11,Management
6,30.977726,-20.605513,11-2031.00,11,Management
7,16.313091,-17.615887,11-3011.00,11,Management
8,19.583231,-37.283287,11-3021.00,11,Management
9,35.83861,-13.366558,11-3031.01,11,Management
10,29.549456,-19.318653,11-3031.02,11,Management
11,-16.895412,-28.913023,11-3051.00,11,Management
12,-15.149752,-29.822138,11-3051.01,11,Management
13,-17.035662,-26.864353,11-3051.02,11,Management
14,-15.758056,-28.573463,11-3051.03,11,Management
15,-16.727308,-27.219442,11-3051.04,11,Management
16,-18.080736,-26.928684,11-3051.06,11,Management
17,30.324257,-23.577913,11-3061.00,11,Management
18,28.279228,-24.931126,11-3071.01,11,Management
19,15.033962,-16.99593,11-3071.02,11,Management
20,28.952106,-24.021465,11-3071.03,11,Management
21,36.02696,-3.110736,11-3111.00,11,Management
22,28.765408,-20.764887,11-3121.00,11,Management
23,26.682096,-19.794846,11-3131.00,11,Management
24,-17.344215,-23.016928,11-9013.01,11,Management
25,-20.639528,-23.113024,11-9013.02,11,Management
26,-18.11388,-23.690012,11-9013.03,11,Management
27,22.196915,-29.560547,11-9021.00,11,Management
28,22.706879,-20.497887,11-9031.00,11,Management
29,24.079283,-20.72922,11-9032.00,11,Management
30,28.273195,-19.586624,11-9033.00,11,Management
31,27.217411,-24.237286,11-9039.01,11,Management
32,5.588469,-14.89309,11-9039.02,11,Management
33,26.826004,-37.63997,11-9041.00,11,Management
34,-2.802841,-37.121983,11-9041.01,11,Management
35,8.145046,-11.953336,11-9051.00,11,Management
36,8.575725,-3.1721294,11-9061.00,11,Management
37,18.34636,-21.332834,11-9071.00,11,Management
38,15.984978,-19.39535,11-9081.00,11,Management
39,27.201437,-22.098495,11-9111.00,11,Management
40,32.660614,-26.968885,11-9121.00,11,Management
41,32.105286,-24.01031,11-9121.01,11,Management
42,24.790085,-36.534195,11-9121.02,11,Management
43,19.300383,-19.500708,11-9131.00,11,Management
44,36.310425,0.6964942,11-9141.00,11,Management
45,25.556433,-21.501137,11-9151.00,11,Management
46,20.225584,-25.12242,11-9161.00,11,Management
47,33.379597,-8.185821,11-9199.01,11,Management
48,32.49975,-6.705152,11-9199.02,11,Management
49,36.65355,-11.764376,11-9199.03,11,Management
50,30.607769,-24.215723,11-9199.04,11,Management
51,-14.263474,-24.300364,11-9199.07,11,Management
52,17.317305,-21.474146,11-9199.08,11,Management
53,-15.566042,-24.935972,11-9199.09,11,Management
54,27.306778,-28.197792,11-9199.10,11,Management
55,28.878332,-27.55071,11-9199.11,11,Management
56,39.296482,1.0555043,13-1011.00,13,Business and Financial Operations
57,12.60428,-1.82106,13-1021.00,13,Business and Financial Operations
58,13.534947,-1.7993468,13-1022.00,13,Business and Financial Operations
59,34.07807,-21.957731,13-1023.00,13,Business and Financial Operations
60,29.099924,3.9541728,13-1031.01,13,Business and Financial Operations
61,30.434092,2.8241324,13-1031.02,13,Business and Financial Operations
62,0.71702284,-3.0061903,13-1032.00,13,Business and Financial Operations
63,-9.332342,-22.091942,13-1041.01,13,Business and Financial Operations
64,-7.839569,-13.201323,13-1041.02,13,Business and Financial Operations
65,30.09988,-8.461807,13-1041.03,13,Business and Financial Operations
66,-8.877936,-20.943329,13-1041.04,13,Business and Financial Operations
67,-9.482282,-16.898685,13-1041.06,13,Business and Financial Operations
68,34.186775,-7.5083466,13-1041.07,13,Business and Financial Operations
69,37.59207,-6.966069,13-1051.00,13,Business and Financial Operations
70,32.828712,8.90719,13-1071.00,13,Business and Financial Operations
71,-8.2781725,27.449703,13-1074.00,13,Business and Financial Operations
72,31.994335,-19.267656,13-1075.00,13,Business and Financial Operations
73,31.42713,-22.651585,13-1081.00,13,Business and Financial Operations
74,24.773714,-38.932762,13-1081.01,13,Business and Financial Operations
75,36.731144,-10.944674,13-1081.02,13,Business and Financial Operations
76,33.045456,-8.923502,13-1111.00,13,Business and Financial Operations
77,16.361708,-18.535889,13-1121.00,13,Business and Financial Operations
78,37.833225,-0.18167245,13-1131.00,13,Business and Financial Operations
79,35.20468,-3.9991825,13-1141.00,13,Business and Financial Operations
80,25.575182,-17.087383,13-1151.00,13,Business and Financial Operations
81,39.546333,-9.781635,13-1161.00,13,Business and Financial Operations
82,-15.697249,-14.3343725,13-1199.01,13,Business and Financial Operations
83,9.364182,-41.470066,13-1199.02,13,Business and Financial Operations
84,33.78134,-2.8234515,13-1199.03,13,Business and Financial Operations
85,30.667313,-25.85946,13-1199.04,13,Business and Financial Operations
86,34.76414,-6.038369,13-1199.05,13,Business and Financial Operations
87,34.45168,1.5564568,13-1199.06,13,Business and Financial Operations
88,37.13576,-5.4952087,13-2011.01,13,Business and Financial Operations
89,37.338867,-10.89821,13-2011.02,13,Business and Financial Operations
90,-0.1747786,-4.5686984,13-2021.01,13,Business and Financial Operations
91,0.6899211,-3.5536075,13-2021.02,13,Business and Financial Operations
92,37.130512,-6.3526587,13-2031.00,13,Business and Financial Operations
93,30.641365,0.70812124,13-2041.00,13,Business and Financial Operations
94,38.943676,-6.157024,13-2051.00,13,Business and Financial Operations
95,36.223293,-8.61454,13-2052.00,13,Business and Financial Operations
96,33.329918,7.238576,13-2053.00,13,Business and Financial Operations
97,34.671036,-10.847524,13-2061.00,13,Business and Financial Operations
98,33.932587,6.2235594,13-2071.00,13,Business and Financial Operations
99,31.272314,4.5847754,13-2071.01,13,Business and Financial Operations
100,32.677982,8.018853,13-2072.00,13,Business and Financial Operations
101,30.111933,4.664647,13-2081.00,13,Business and Financial Operations
102,29.126472,13.589571,13-2082.00,13,Business and Financial Operations
103,38.790676,-8.259052,13-2099.01,13,Business and Financial Operations
104,37.33021,-9.584374,13-2099.02,13,Business and Financial Operations
105,32.550716,-5.550003,13-2099.04,13,Business and Financial Operations
106,17.557981,-39.3721,15-1111.00,15,Computers and Math
107,15.170918,-39.794304,15-1121.00,15,Computers and Math
108,19.034082,-38.060787,15-1121.01,15,Computers and Math
109,13.542333,-39.661495,15-1122.00,15,Computers and Math
110,14.388375,-36.91564,15-1131.00,15,Computers and Math
111,15.4875555,-38.599884,15-1132.00,15,Computers and Math
112,25.013609,1.4821659,15-1133.00,15,Computers and Math
113,14.152064,-37.96394,15-1134.00,15,Computers and Math
114,14.887853,-39.29398,15-1141.00,15,Computers and Math
115,6.2210884,-41.193794,15-1142.00,15,Computers and Math
116,11.718707,-40.78826,15-1143.00,15,Computers and Math
117,-19.537298,-4.745693,15-1143.01,15,Computers and Math
118,-16.885124,-3.1592686,15-1151.00,15,Computers and Math
119,-19.515938,-5.9557285,15-1152.00,15,Computers and Math
120,12.944034,-38.690617,15-1199.01,15,Computers and Math
121,16.171698,-39.99457,15-1199.02,15,Computers and Math
122,13.856942,-39.009563,15-1199.03,15,Computers and Math
123,19.053576,-41.806175,15-1199.04,15,Computers and Math
124,8.963406,-38.52927,15-1199.05,15,Computers and Math
125,13.08964,-37.032856,15-1199.06,15,Computers and Math
126,12.956374,-36.39539,15-1199.07,15,Computers and Math
127,40.00954,-9.198931,15-1199.08,15,Computers and Math
128,31.240318,-24.995308,15-1199.09,15,Computers and Math
129,31.670809,-13.5935,15-1199.10,15,Computers and Math
130,16.47006,-35.462772,15-1199.11,15,Computers and Math
131,31.606895,-13.221797,15-1199.12,15,Computers and Math
132,38.07846,-12.214366,15-2011.00,15,Computers and Math
133,43.07082,-13.675943,15-2021.00,15,Computers and Math
134,43.07288,-12.724754,15-2031.00,15,Computers and Math
135,42.42951,-13.685792,15-2041.00,15,Computers and Math
136,41.20649,-13.288183,15-2041.01,15,Computers and Math
137,39.95867,-11.289741,15-2041.02,15,Computers and Math
138,27.756704,-38.749504,17-1011.00,17,Architechture and Engineering
139,27.717096,-32.933872,17-1012.00,17,Architechture and Engineering
140,19.85475,0.12735736,17-1021.00,17,Architechture and Engineering
141,-16.485195,-15.937477,17-1022.00,17,Architechture and Engineering
142,-17.064169,-15.628283,17-1022.01,17,Architechture and Engineering
143,23.074772,-39.525528,17-2011.00,17,Architechture and Engineering
144,-6.5596967,-35.084103,17-2021.00,17,Architechture and Engineering
145,-1.1186179,-42.21453,17-2031.00,17,Architechture and Engineering
146,24.347784,-41.44094,17-2041.00,17,Architechture and Engineering
147,27.531273,-39.494423,17-2051.00,17,Architechture and Engineering
148,25.752846,-39.410225,17-2051.01,17,Architechture and Engineering
149,13.671203,-40.89535,17-2061.00,17,Architechture and Engineering
150,3.8868432,-40.898895,17-2071.00,17,Architechture and Engineering
151,-2.4071,-38.908176,17-2072.00,17,Architechture and Engineering
152,10.952552,-40.30583,17-2072.01,17,Architechture and Engineering
153,25.119093,-35.904118,17-2081.00,17,Architechture and Engineering
154,24.13398,-39.375126,17-2081.01,17,Architechture and Engineering
155,-8.714976,-24.114986,17-2111.01,17,Architechture and Engineering
156,25.21724,-37.71955,17-2111.02,17,Architechture and Engineering
157,2.892613,-43.65375,17-2111.03,17,Architechture and Engineering
158,3.806709,-42.630737,17-2112.00,17,Architechture and Engineering
159,21.967735,-38.60106,17-2112.01,17,Architechture and Engineering
160,-6.312963,-40.130215,17-2121.01,17,Architechture and Engineering
161,26.705275,-41.494316,17-2121.02,17,Architechture and Engineering
162,2.2252064,-40.26079,17-2131.00,17,Architechture and Engineering
163,-0.63396513,-42.185345,17-2141.00,17,Architechture and Engineering
164,-1.2159212,-39.879772,17-2141.01,17,Architechture and Engineering
165,-6.9191933,-35.569565,17-2141.02,17,Architechture and Engineering
166,25.288458,-40.652477,17-2151.00,17,Architechture and Engineering
167,23.616522,-40.942337,17-2161.00,17,Architechture and Engineering
168,24.051842,-37.27105,17-2171.00,17,Architechture and Engineering
169,-1.6031364,-37.49912,17-2199.01,17,Architechture and Engineering
170,3.3259928,-42.304638,17-2199.02,17,Architechture and Engineering
171,23.958576,-38.021046,17-2199.03,17,Architechture and Engineering
172,-5.088489,-40.890182,17-2199.04,17,Architechture and Engineering
173,7.24964,-43.510452,17-2199.05,17,Architechture and Engineering
174,-1.3291304,-38.798115,17-2199.06,17,Architechture and Engineering
175,0.6575096,-39.39315,17-2199.07,17,Architechture and Engineering
176,-4.029501,-41.68961,17-2199.08,17,Architechture and Engineering
177,0.5828393,-38.34671,17-2199.09,17,Architechture and Engineering
178,7.054224,-43.998337,17-2199.10,17,Architechture and Engineering
179,-3.5458534,-36.377674,17-2199.11,17,Architechture and Engineering
180,19.531275,-0.6662218,17-3011.01,17,Architechture and Engineering
181,22.601305,-0.009250031,17-3011.02,17,Architechture and Engineering
182,22.18074,1.0194845,17-3012.01,17,Architechture and Engineering
183,22.97891,0.46959758,17-3012.02,17,Architechture and Engineering
184,21.262737,-0.67362136,17-3013.00,17,Architechture and Engineering
185,-21.968838,-3.91128,17-3021.00,17,Architechture and Engineering
186,18.765015,-1.1628504,17-3022.00,17,Architechture and Engineering
187,-19.18084,-3.0464058,17-3023.01,17,Architechture and Engineering
188,-19.831831,-3.153317,17-3023.03,17,Architechture and Engineering
189,-42.376457,0.6503458,17-3024.00,17,Architechture and Engineering
190,-25.50447,-5.0886455,17-3024.01,17,Architechture and Engineering
191,-17.378754,-13.8714485,17-3025.00,17,Architechture and Engineering
192,6.0953355,-37.623425,17-3026.00,17,Architechture and Engineering
193,-17.933878,-12.97656,17-3027.00,17,Architechture and Engineering
194,-26.333906,-2.5918398,17-3027.01,17,Architechture and Engineering
195,-19.835749,-13.686234,17-3029.01,17,Architechture and Engineering
196,7.252279,-40.52611,17-3029.02,17,Architechture and Engineering
197,-21.718159,-3.0116675,17-3029.03,17,Architechture and Engineering
198,-23.136911,-4.05953,17-3029.04,17,Architechture and Engineering
199,7.9665856,-40.481308,17-3029.05,17,Architechture and Engineering
200,-4.607253,-40.972057,17-3029.06,17,Architechture and Engineering
201,-25.079845,-4.1788497,17-3029.07,17,Architechture and Engineering
202,-19.716356,-2.1943135,17-3029.08,17,Architechture and Engineering
203,-27.207422,-0.21561714,17-3029.09,17,Architechture and Engineering
204,7.2590847,-39.46097,17-3029.11,17,Architechture and Engineering
205,-23.859737,-1.6130474,17-3029.12,17,Architechture and Engineering
206,-21.531593,-14.649418,17-3031.01,17,Architechture and Engineering
207,20.617502,-1.4153683,17-3031.02,17,Architechture and Engineering
208,-6.3256116,-32.56122,19-1011.00,19,"Life, Physical, and Social Science"
209,-1.074827,-35.685997,19-1012.00,19,"Life, Physical, and Social Science"
210,-6.8895626,-32.369583,19-1013.00,19,"Life, Physical, and Social Science"
211,-6.089048,-31.41291,19-1020.01,19,"Life, Physical, and Social Science"
212,1.5405854,-36.93902,19-1021.00,19,"Life, Physical, and Social Science"
213,1.4891601,-35.029392,19-1022.00,19,"Life, Physical, and Social Science"
214,-10.370558,-27.605484,19-1023.00,19,"Life, Physical, and Social Science"
215,21.304792,-42.27842,19-1029.01,19,"Life, Physical, and Social Science"
216,1.5782232,-36.172596,19-1029.02,19,"Life, Physical, and Social Science"
217,2.8488905,-35.179123,19-1029.03,19,"Life, Physical, and Social Science"
218,-11.323889,-26.35091,19-1031.01,19,"Life, Physical, and Social Science"
219,-11.963664,-27.204336,19-1031.02,19,"Life, Physical, and Social Science"
220,-6.5533295,-12.431178,19-1031.03,19,"Life, Physical, and Social Science"
221,-13.281414,-25.824333,19-1032.00,19,"Life, Physical, and Social Science"
222,15.270426,-28.665276,19-1041.00,19,"Life, Physical, and Social Science"
223,20.912823,-41.663906,19-1042.00,19,"Life, Physical, and Social Science"
224,21.264568,-43.514572,19-2011.00,19,"Life, Physical, and Social Science"
225,23.2667,-43.369705,19-2012.00,19,"Life, Physical, and Social Science"
226,43.44717,-8.143983,19-2021.00,19,"Life, Physical, and Social Science"
227,-2.5786812,-38.12191,19-2031.00,19,"Life, Physical, and Social Science"
228,2.76758,-40.513523,19-2032.00,19,"Life, Physical, and Social Science"
229,-7.056095,-33.466946,19-2041.00,19,"Life, Physical, and Social Science"
230,40.857117,-7.045163,19-2041.01,19,"Life, Physical, and Social Science"
231,-11.108809,-26.787395,19-2041.02,19,"Life, Physical, and Social Science"
232,41.69361,-9.560059,19-2041.03,19,"Life, Physical, and Social Science"
233,-6.9618635,-31.558512,19-2042.00,19,"Life, Physical, and Social Science"
234,-7.7897143,-31.023167,19-2043.00,19,"Life, Physical, and Social Science"
235,19.59347,-41.952408,19-2099.01,19,"Life, Physical, and Social Science"
236,43.59402,-11.15198,19-3011.00,19,"Life, Physical, and Social Science"
237,44.08703,-10.919358,19-3011.01,19,"Life, Physical, and Social Science"
238,38.983017,-10.652732,19-3022.00,19,"Life, Physical, and Social Science"
239,28.480059,-8.915892,19-3031.01,19,"Life, Physical, and Social Science"
240,26.022497,-8.278693,19-3031.02,19,"Life, Physical, and Social Science"
241,25.578436,-8.851715,19-3031.03,19,"Life, Physical, and Social Science"
242,34.06338,-25.015656,19-3032.00,19,"Life, Physical, and Social Science"
243,13.88958,-27.655285,19-3039.01,19,"Life, Physical, and Social Science"
244,49.722527,0.34277296,19-3041.00,19,"Life, Physical, and Social Science"
245,26.699402,-33.47688,19-3051.00,19,"Life, Physical, and Social Science"
246,46.824345,-7.41386,19-3091.01,19,"Life, Physical, and Social Science"
247,-5.068905,-30.503696,19-3091.02,19,"Life, Physical, and Social Science"
248,42.556667,-8.387019,19-3092.00,19,"Life, Physical, and Social Science"
249,49.877457,2.8980544,19-3093.00,19,"Life, Physical, and Social Science"
250,49.442806,0.77406114,19-3094.00,19,"Life, Physical, and Social Science"
251,26.265692,-34.05906,19-3099.01,19,"Life, Physical, and Social Science"
252,-12.377591,-9.269253,19-4011.01,19,"Life, Physical, and Social Science"
253,-11.951546,-8.221617,19-4011.02,19,"Life, Physical, and Social Science"
254,-12.825061,-4.2785287,19-4021.00,19,"Life, Physical, and Social Science"
255,-13.623208,-2.2628148,19-4031.00,19,"Life, Physical, and Social Science"
256,0.12527429,1.1570584,19-4041.01,19,"Life, Physical, and Social Science"
257,-19.040125,-13.437014,19-4041.02,19,"Life, Physical, and Social Science"
258,-35.308613,-5.4815745,19-4051.01,19,"Life, Physical, and Social Science"
259,-14.175804,1.0169967,19-4051.02,19,"Life, Physical, and Social Science"
260,24.21562,-1.1877983,19-4061.00,19,"Life, Physical, and Social Science"
261,35.497288,8.512472,19-4061.01,19,"Life, Physical, and Social Science"
262,-16.411642,-13.850441,19-4091.00,19,"Life, Physical, and Social Science"
263,-10.495461,-19.146431,19-4092.00,19,"Life, Physical, and Social Science"
264,-20.908216,-16.298058,19-4093.00,19,"Life, Physical, and Social Science"
265,-12.621751,-3.1655233,19-4099.01,19,"Life, Physical, and Social Science"
266,-16.793215,-13.25367,19-4099.02,19,"Life, Physical, and Social Science"
267,8.218813,-39.275803,19-4099.03,19,"Life, Physical, and Social Science"
268,21.166155,-10.240631,21-1011.00,21,Community and Social Services
269,20.619925,-11.220282,21-1012.00,21,Community and Social Services
270,25.014229,-9.034506,21-1013.00,21,Community and Social Services
271,24.15483,-9.018746,21-1014.00,21,Community and Social Services
272,20.59332,-9.195249,21-1015.00,21,Community and Social Services
273,18.830992,-9.1324625,21-1021.00,21,Community and Social Services
274,21.439991,-9.760133,21-1022.00,21,Community and Social Services
275,22.551785,-10.008173,21-1023.00,21,Community and Social Services
276,46.943184,-1.5490572,21-1091.00,21,Community and Social Services
277,10.415726,-7.0674357,21-1092.00,21,Community and Social Services
278,12.813759,-7.7503777,21-1093.00,21,Community and Social Services
279,6.9238644,-6.5498633,21-1094.00,21,Community and Social Services
280,27.628801,-17.889807,21-2011.00,21,Community and Social Services
281,37.49888,-0.98823434,21-2021.00,21,Community and Social Services
282,33.881783,-17.946299,23-1011.00,23,Legal
283,30.902534,6.688209,23-1012.00,23,Legal
284,41.858936,-2.1251888,23-1021.00,23,Legal
285,41.293365,0.89414984,23-1022.00,23,Legal
286,42.048622,-2.223238,23-1023.00,23,Legal
287,31.611038,12.912513,23-2011.00,23,Legal
288,29.491337,21.756464,23-2091.00,23,Legal
289,30.978815,14.647013,23-2093.00,23,Legal
290,50.6228,-3.156774,25-1011.00,25,"Education, Training, and Library"
291,50.088406,-7.6312633,25-1021.00,25,"Education, Training, and Library"
292,48.70486,-4.3371134,25-1022.00,25,"Education, Training, and Library"
293,48.858753,-7.858248,25-1031.00,25,"Education, Training, and Library"
294,48.991158,-8.324747,25-1032.00,25,"Education, Training, and Library"
295,53.905087,-7.7728467,25-1041.00,25,"Education, Training, and Library"
296,51.878124,-6.3874874,25-1042.00,25,"Education, Training, and Library"
297,54.014687,-8.352735,25-1043.00,25,"Education, Training, and Library"
298,50.67946,-5.2996674,25-1051.00,25,"Education, Training, and Library"
299,50.48183,-7.1016746,25-1052.00,25,"Education, Training, and Library"
300,51.015175,-4.397542,25-1053.00,25,"Education, Training, and Library"
301,51.920635,-7.3720474,25-1054.00,25,"Education, Training, and Library"
302,52.423115,-4.66401,25-1061.00,25,"Education, Training, and Library"
303,51.143166,-0.45179263,25-1062.00,25,"Education, Training, and Library"
304,49.57929,-3.965971,25-1063.00,25,"Education, Training, and Library"
305,50.571877,-0.96037054,25-1064.00,25,"Education, Training, and Library"
306,51.44132,1.2767007,25-1065.00,25,"Education, Training, and Library"
307,52.453728,-2.8379087,25-1066.00,25,"Education, Training, and Library"
308,52.80654,-0.4152853,25-1067.00,25,"Education, Training, and Library"
309,53.548145,-6.980033,25-1071.00,25,"Education, Training, and Library"
310,9.426717,-20.686218,25-1072.00,25,"Education, Training, and Library"
311,53.743587,-1.7880694,25-1081.00,25,"Education, Training, and Library"
312,51.661842,-2.0453367,25-1082.00,25,"Education, Training, and Library"
313,52.41747,1.4209352,25-1111.00,25,"Education, Training, and Library"
314,54.346306,-0.21669419,25-1112.00,25,"Education, Training, and Library"
315,52.76065,-1.7926002,25-1113.00,25,"Education, Training, and Library"
316,55.136814,-5.8071036,25-1121.00,25,"Education, Training, and Library"
317,51.81688,-1.0987806,25-1122.00,25,"Education, Training, and Library"
318,53.32205,2.0388932,25-1123.00,25,"Education, Training, and Library"
319,54.066513,1.1394813,25-1124.00,25,"Education, Training, and Library"
320,52.191986,0.6798051,25-1125.00,25,"Education, Training, and Library"
321,53.39307,0.14517835,25-1126.00,25,"Education, Training, and Library"
322,33.97437,10.879591,25-1191.00,25,"Education, Training, and Library"
323,50.605133,-2.0676074,25-1192.00,25,"Education, Training, and Library"
324,48.596027,-1.6036911,25-1193.00,25,"Education, Training, and Library"
325,-5.7570376,-11.953714,25-1194.00,25,"Education, Training, and Library"
326,12.575973,-10.716716,25-2011.00,25,"Education, Training, and Library"
327,13.872211,-11.388648,25-2012.00,25,"Education, Training, and Library"
328,21.842876,-14.621067,25-2021.00,25,"Education, Training, and Library"
329,23.85519,-13.914542,25-2022.00,25,"Education, Training, and Library"
330,9.943276,-18.86575,25-2023.00,25,"Education, Training, and Library"
331,23.888361,-14.980777,25-2031.00,25,"Education, Training, and Library"
332,9.7561035,-19.333504,25-2032.00,25,"Education, Training, and Library"
333,13.906955,-12.049401,25-2051.00,25,"Education, Training, and Library"
334,19.658066,-12.779724,25-2052.00,25,"Education, Training, and Library"
335,23.696613,-13.58865,25-2053.00,25,"Education, Training, and Library"
336,21.8629,-14.065341,25-2054.00,25,"Education, Training, and Library"
337,7.068206,-16.155876,25-2059.01,25,"Education, Training, and Library"
338,45.068794,4.119482,25-3011.00,25,"Education, Training, and Library"
339,10.25057,21.3531,25-3021.00,25,"Education, Training, and Library"
340,45.206783,4.2111917,25-3099.02,25,"Education, Training, and Library"
341,15.301765,-4.187306,25-4011.00,25,"Education, Training, and Library"
342,26.794107,-29.479437,25-4012.00,25,"Education, Training, and Library"
343,-9.7537365,-2.0919137,25-4013.00,25,"Education, Training, and Library"
344,15.361791,-5.258211,25-4021.00,25,"Education, Training, and Library"
345,6.9794173,25.344513,25-4031.00,25,"Education, Training, and Library"
346,-18.087568,-4.895695,25-9011.00,25,"Education, Training, and Library"
347,19.971355,-25.158583,25-9021.00,25,"Education, Training, and Library"
348,26.543552,-18.76559,25-9031.00,25,"Education, Training, and Library"
349,31.234087,-14.783718,25-9031.01,25,"Education, Training, and Library"
350,10.185127,21.03468,25-9041.00,25,"Education, Training, and Library"
351,29.083279,-32.062687,27-1011.00,27,"Arts, Design, Entertainment, and Media"
352,-8.851655,17.969425,27-1012.00,27,"Arts, Design, Entertainment, and Media"
353,-8.739821,17.387287,27-1013.00,27,"Arts, Design, Entertainment, and Media"
354,20.23998,2.3932486,27-1014.00,27,"Arts, Design, Entertainment, and Media"
355,9.121978,-43.591724,27-1021.00,27,"Arts, Design, Entertainment, and Media"
356,29.158247,-31.304993,27-1022.00,27,"Arts, Design, Entertainment, and Media"
357,-6.373784,15.278615,27-1023.00,27,"Arts, Design, Entertainment, and Media"
358,20.885311,2.367183,27-1024.00,27,"Arts, Design, Entertainment, and Media"
359,26.995174,-31.692099,27-1025.00,27,"Arts, Design, Entertainment, and Media"
360,-6.6054997,15.254132,27-1026.00,27,"Arts, Design, Entertainment, and Media"
361,-20.70349,-25.263971,27-1027.00,27,"Arts, Design, Entertainment, and Media"
362,10.810462,22.962532,27-2011.00,27,"Arts, Design, Entertainment, and Media"
363,26.62818,-26.87964,27-2012.01,27,"Arts, Design, Entertainment, and Media"
364,25.304113,-28.742441,27-2012.02,27,"Arts, Design, Entertainment, and Media"
365,25.964638,-26.166506,27-2012.03,27,"Arts, Design, Entertainment, and Media"
366,37.763996,1.8141669,27-2012.04,27,"Arts, Design, Entertainment, and Media"
367,-14.221794,-30.310144,27-2012.05,27,"Arts, Design, Entertainment, and Media"
368,1.6546234,8.591993,27-2021.00,27,"Arts, Design, Entertainment, and Media"
369,13.345943,-20.80242,27-2022.00,27,"Arts, Design, Entertainment, and Media"
370,-9.899598,8.922651,27-2023.00,27,"Arts, Design, Entertainment, and Media"
371,0.25266472,9.690749,27-2031.00,27,"Arts, Design, Entertainment, and Media"
372,4.3289413,-13.186951,27-2032.00,27,"Arts, Design, Entertainment, and Media"
373,12.464037,-14.324768,27-2041.01,27,"Arts, Design, Entertainment, and Media"
374,24.639269,3.1219718,27-2041.04,27,"Arts, Design, Entertainment, and Media"
375,11.6631365,23.255016,27-2042.01,27,"Arts, Design, Entertainment, and Media"
376,5.7273326,18.690958,27-2042.02,27,"Arts, Design, Entertainment, and Media"
377,8.6151,2.4985104,27-3011.00,27,"Arts, Design, Entertainment, and Media"
378,9.690155,17.062037,27-3012.00,27,"Arts, Design, Entertainment, and Media"
379,30.919569,-4.8594112,27-3021.00,27,"Arts, Design, Entertainment, and Media"
380,38.387215,8.164056,27-3022.00,27,"Arts, Design, Entertainment, and Media"
381,39.060593,0.48377138,27-3031.00,27,"Arts, Design, Entertainment, and Media"
382,30.123352,-3.7138312,27-3041.00,27,"Arts, Design, Entertainment, and Media"
383,37.65981,10.5343685,27-3042.00,27,"Arts, Design, Entertainment, and Media"
384,35.909176,8.982365,27-3043.04,27,"Arts, Design, Entertainment, and Media"
385,38.44737,10.119876,27-3043.05,27,"Arts, Design, Entertainment, and Media"
386,24.750895,6.2548633,27-3091.00,27,"Arts, Design, Entertainment, and Media"
387,-25.319519,0.6707212,27-4011.00,27,"Arts, Design, Entertainment, and Media"
388,-25.780674,-0.17355222,27-4012.00,27,"Arts, Design, Entertainment, and Media"
389,23.175127,6.7985353,27-4013.00,27,"Arts, Design, Entertainment, and Media"
390,-16.493784,-5.6079097,27-4014.00,27,"Arts, Design, Entertainment, and Media"
391,-24.888325,-12.983814,27-4021.00,27,"Arts, Design, Entertainment, and Media"
392,-24.549572,-13.856618,27-4031.00,27,"Arts, Design, Entertainment, and Media"
393,19.862617,2.5568964,27-4032.00,27,"Arts, Design, Entertainment, and Media"
394,4.778708,-18.106407,29-1011.00,29,Healthcare Practitioner
395,-0.16609812,-25.78237,29-1021.00,29,Healthcare Practitioner
396,0.30442712,-25.247595,29-1022.00,29,Healthcare Practitioner
397,5.0834384,-28.810513,29-1023.00,29,Healthcare Practitioner
398,5.956723,-28.125849,29-1024.00,29,Healthcare Practitioner
399,26.89241,-20.896595,29-1031.00,29,Healthcare Practitioner
400,3.6570418,-29.683983,29-1041.00,29,Healthcare Practitioner
401,8.662776,-23.34907,29-1051.00,29,Healthcare Practitioner
402,1.607135,-24.386246,29-1061.00,29,Healthcare Practitioner
403,10.814973,-28.439068,29-1062.00,29,Healthcare Practitioner
404,11.404084,-27.469732,29-1063.00,29,Healthcare Practitioner
405,6.0356574,-24.772945,29-1064.00,29,Healthcare Practitioner
406,10.688018,-28.058647,29-1065.00,29,Healthcare Practitioner
407,23.67315,-9.788176,29-1066.00,29,Healthcare Practitioner
408,0.91148615,-25.236834,29-1067.00,29,Healthcare Practitioner
409,12.877348,-28.740171,29-1069.01,29,Healthcare Practitioner
410,7.2023463,-24.673594,29-1069.02,29,Healthcare Practitioner
411,6.3172264,-23.174263,29-1069.03,29,Healthcare Practitioner
412,13.364586,-28.652702,29-1069.04,29,Healthcare Practitioner
413,1.892127,-29.339872,29-1069.05,29,Healthcare Practitioner
414,1.718109,-29.27879,29-1069.06,29,Healthcare Practitioner
415,2.527103,-33.163353,29-1069.07,29,Healthcare Practitioner
416,4.719854,-24.076721,29-1069.08,29,Healthcare Practitioner
417,14.744801,-28.56134,29-1069.09,29,Healthcare Practitioner
418,2.6343098,-26.015146,29-1069.10,29,Healthcare Practitioner
419,3.356245,-24.636786,29-1069.11,29,Healthcare Practitioner
420,3.0328274,-25.341879,29-1069.12,29,Healthcare Practitioner
421,7.041103,-22.801367,29-1071.00,29,Healthcare Practitioner
422,-13.192368,1.3391451,29-1071.01,29,Healthcare Practitioner
423,4.131854,-29.998938,29-1081.00,29,Healthcare Practitioner
424,6.73383,-18.870926,29-1122.00,29,Healthcare Practitioner
425,7.1877327,-6.064116,29-1122.01,29,Healthcare Practitioner
426,5.4590178,-18.418806,29-1123.00,29,Healthcare Practitioner
427,-16.478722,-10.780352,29-1124.00,29,Healthcare Practitioner
428,8.226794,-8.163457,29-1125.00,29,Healthcare Practitioner
429,18.409979,-10.963789,29-1125.01,29,Healthcare Practitioner
430,11.807094,-14.622795,29-1125.02,29,Healthcare Practitioner
431,-16.228628,-10.382347,29-1126.00,29,Healthcare Practitioner
432,21.067625,-15.420555,29-1127.00,29,Healthcare Practitioner
433,5.9077363,-17.060452,29-1128.00,29,Healthcare Practitioner
434,5.7973237,-25.641441,29-1131.00,29,Healthcare Practitioner
435,4.061356,-20.84373,29-1141.00,29,Healthcare Practitioner
436,6.6088753,-21.312124,29-1141.01,29,Healthcare Practitioner
437,21.952517,-11.266316,29-1141.02,29,Healthcare Practitioner
438,3.3689842,-21.285393,29-1141.03,29,Healthcare Practitioner
439,4.8339367,-21.680677,29-1141.04,29,Healthcare Practitioner
440,-0.87013555,-23.343739,29-1151.00,29,Healthcare Practitioner
441,7.6151094,-21.956165,29-1161.00,29,Healthcare Practitioner
442,5.5980597,-22.271887,29-1171.00,29,Healthcare Practitioner
443,4.661845,-30.936867,29-1181.00,29,Healthcare Practitioner
444,-3.2761817,0.71135664,29-1199.01,29,Healthcare Practitioner
445,12.042762,-26.742153,29-1199.04,29,Healthcare Practitioner
446,11.824849,-25.142134,29-1199.05,29,Healthcare Practitioner
447,-14.080766,-2.0396767,29-2011.00,29,Healthcare Practitioner
448,-7.7358108,-5.8787146,29-2011.01,29,Healthcare Practitioner
449,-8.8400345,-5.2203736,29-2011.02,29,Healthcare Practitioner
450,-9.325781,-4.829925,29-2011.03,29,Healthcare Practitioner
451,-12.965596,-1.6486434,29-2012.00,29,Healthcare Practitioner
452,-5.2407336,3.186047,29-2021.00,29,Healthcare Practitioner
453,-10.687939,0.34731302,29-2031.00,29,Healthcare Practitioner
454,-10.470491,0.9304059,29-2032.00,29,Healthcare Practitioner
455,-9.799339,-0.060053483,29-2033.00,29,Healthcare Practitioner
456,-7.2816663,2.066973,29-2034.00,29,Healthcare Practitioner
457,-11.461509,-1.3354019,29-2035.00,29,Healthcare Practitioner
458,-25.874235,-19.767067,29-2041.00,29,Healthcare Practitioner
459,-5.149575,7.0339947,29-2051.00,29,Healthcare Practitioner
460,-3.6107018,6.136006,29-2052.00,29,Healthcare Practitioner
461,8.91352,-7.6153216,29-2053.00,29,Healthcare Practitioner
462,-11.232965,0.011029966,29-2054.00,29,Healthcare Practitioner
463,-11.7853365,1.7904992,29-2055.00,29,Healthcare Practitioner
464,-12.037421,-0.5826597,29-2056.00,29,Healthcare Practitioner
465,-2.986032,4.555628,29-2057.00,29,Healthcare Practitioner
466,4.190866,-19.787052,29-2061.00,29,Healthcare Practitioner
467,22.421093,19.831844,29-2071.00,29,Healthcare Practitioner
468,-2.01717,2.5063128,29-2081.00,29,Healthcare Practitioner
469,6.288302,-27.285908,29-2091.00,29,Healthcare Practitioner
470,-16.042767,-5.7727675,29-2092.00,29,Healthcare Practitioner
471,-11.06987,-2.4918067,29-2099.01,29,Healthcare Practitioner
472,-3.8028936,3.2763953,29-2099.05,29,Healthcare Practitioner
473,-6.634038,2.432209,29-2099.06,29,Healthcare Practitioner
474,-13.21893,2.9897332,29-2099.07,29,Healthcare Practitioner
475,-9.045403,-23.192385,29-9011.00,29,Healthcare Practitioner
476,-10.924687,-12.884111,29-9012.00,29,Healthcare Practitioner
477,6.5821586,-17.683712,29-9091.00,29,Healthcare Practitioner
478,29.687553,-7.948845,29-9092.00,29,Healthcare Practitioner
479,8.096659,-17.72427,29-9099.01,29,Healthcare Practitioner
480,3.6037827,15.975367,31-1011.00,31,Healthcare Support
481,3.700621,14.245914,31-1013.00,31,Healthcare Support
482,0.38255563,20.899853,31-1014.00,31,Healthcare Support
483,-2.6493757,34.54666,31-1015.00,31,Healthcare Support
484,-4.742153,0.63160807,31-2011.00,31,Healthcare Support
485,1.182837,14.117005,31-2012.00,31,Healthcare Support
486,-6.2040052,1.1392676,31-2021.00,31,Healthcare Support
487,-0.48971906,19.840473,31-2022.00,31,Healthcare Support
488,-0.538459,17.590164,31-9011.00,31,Healthcare Support
489,-5.489813,5.181166,31-9091.00,31,Healthcare Support
490,-4.5922356,0.8388246,31-9092.00,31,Healthcare Support
491,-35.104855,13.843418,31-9093.00,31,Healthcare Support
492,29.97519,21.01277,31-9094.00,31,Healthcare Support
493,5.6309423,25.487577,31-9095.00,31,Healthcare Support
494,-1.1419963,20.152807,31-9096.00,31,Healthcare Support
495,-4.230921,4.464365,31-9097.00,31,Healthcare Support
496,26.778784,5.2068233,31-9099.01,31,Healthcare Support
497,-5.9277906,4.5337315,31-9099.02,31,Healthcare Support
498,-4.062323,-17.071432,33-1011.00,33,Protective Service
499,-13.368926,-22.879128,33-1012.00,33,Protective Service
500,-24.907919,-21.632679,33-1021.01,33,Protective Service
501,-24.301956,-22.097574,33-1021.02,33,Protective Service
502,-27.018486,-19.030193,33-2011.01,33,Protective Service
503,-27.231668,-18.946815,33-2011.02,33,Protective Service
504,-9.864755,-20.620308,33-2021.01,33,Protective Service
505,-9.641718,-18.522133,33-2021.02,33,Protective Service
506,-20.024506,-17.54244,33-2022.00,33,Protective Service
507,-2.5659559,24.486795,33-3011.00,33,Protective Service
508,-4.921677,-16.097342,33-3012.00,33,Protective Service
509,-7.714436,-18.297308,33-3021.01,33,Protective Service
510,-9.163712,-15.099327,33-3021.02,33,Protective Service
511,-8.0609,-18.351225,33-3021.03,33,Protective Service
512,-8.116613,-15.122761,33-3021.05,33,Protective Service
513,42.60279,-7.1268554,33-3021.06,33,Protective Service
514,-7.5620394,-16.811235,33-3031.00,33,Protective Service
515,-10.603656,27.535719,33-3041.00,33,Protective Service
516,-5.5203633,-17.149893,33-3051.01,33,Protective Service
517,-5.502999,-17.863457,33-3051.03,33,Protective Service
518,-5.7169805,-16.28739,33-3052.00,33,Protective Service
519,1.7268484,13.638569,33-9011.00,33,Protective Service
520,-0.66204035,-5.343338,33-9021.00,33,Protective Service
521,-10.21924,7.759931,33-9031.00,33,Protective Service
522,-3.408896,24.292912,33-9032.00,33,Protective Service
523,3.2008698,34.463535,33-9091.00,33,Protective Service
524,-3.7232773,23.988636,33-9092.00,33,Protective Service
525,-32.980145,-0.14046735,33-9093.00,33,Protective Service
526,-8.718487,-12.115443,33-9099.02,33,Protective Service
527,7.6311088,-12.208805,35-1011.00,35,Food Preparation
528,8.28087,-11.367377,35-1012.00,35,Food Preparation
529,0.06300366,35.663433,35-2011.00,35,Food Preparation
530,-7.6349354,21.113354,35-2012.00,35,Food Preparation
531,-8.082782,19.316828,35-2013.00,35,Food Preparation
532,-8.400317,21.1231,35-2014.00,35,Food Preparation
533,2.009071,24.41109,35-2015.00,35,Food Preparation
534,-1.4610816,35.12992,35-2021.00,35,Food Preparation
535,4.363898,18.889984,35-3011.00,35,Food Preparation
536,-0.55504805,34.302486,35-3021.00,35,Food Preparation
537,4.2091694,29.753963,35-3022.00,35,Food Preparation
538,2.039228,25.625977,35-3022.01,35,Food Preparation
539,2.436778,29.894693,35-3031.00,35,Food Preparation
540,0.10614923,34.66014,35-3041.00,35,Food Preparation
541,-1.7444391,38.53156,35-9011.00,35,Food Preparation
542,-15.777966,42.99501,35-9021.00,35,Food Preparation
543,3.2203512,30.618895,35-9031.00,35,Food Preparation
544,-0.35563576,13.579286,37-1011.00,37,Building and Grounds Cleaning and Maintenance
545,-19.404802,-19.891277,37-1012.00,37,Building and Grounds Cleaning and Maintenance
546,-3.3398921,39.631126,37-2011.00,37,Building and Grounds Cleaning and Maintenance
547,-1.2597512,37.993942,37-2012.00,37,Building and Grounds Cleaning and Maintenance
548,-22.287891,-16.278305,37-2021.00,37,Building and Grounds Cleaning and Maintenance
549,-17.276604,41.513012,37-3011.00,37,Building and Grounds Cleaning and Maintenance
550,-23.993471,17.474396,37-3012.00,37,Building and Grounds Cleaning and Maintenance
551,-41.34952,32.54386,37-3013.00,37,Building and Grounds Cleaning and Maintenance
552,15.137915,-8.041652,39-1011.00,39,Personal Care and Service
553,4.0943832,21.398054,39-1012.00,39,Personal Care and Service
554,10.594132,-9.1407585,39-1021.00,39,Personal Care and Service
555,17.992195,-19.002632,39-1021.01,39,Personal Care and Service
556,2.9290469,11.560831,39-2011.00,39,Personal Care and Service
557,-0.18055925,32.77889,39-2021.00,39,Personal Care and Service
558,4.3818426,26.965166,39-3011.00,39,Personal Care and Service
559,4.855922,26.439444,39-3012.00,39,Personal Care and Service
560,-22.548813,26.347692,39-3021.00,39,Personal Care and Service
561,2.3351722,32.750053,39-3031.00,39,Personal Care and Service
562,1.1694765,33.70409,39-3091.00,39,Personal Care and Service
563,-3.651239,17.971888,39-3092.00,39,Personal Care and Service
564,1.6244314,38.745758,39-3093.00,39,Personal Care and Service
565,-1.5726886,12.753668,39-4011.00,39,Personal Care and Service
566,1.6406969,34.977974,39-4021.00,39,Personal Care and Service
567,5.874887,-7.5481815,39-4031.00,39,Personal Care and Service
568,-3.6549962,29.09213,39-5011.00,39,Personal Care and Service
569,-4.7508473,15.140291,39-5012.00,39,Personal Care and Service
570,-5.4971066,15.04896,39-5091.00,39,Personal Care and Service
571,2.4992206,37.242115,39-5092.00,39,Personal Care and Service
572,1.1215153,37.55126,39-5093.00,39,Personal Care and Service
573,-2.9170063,17.086082,39-5094.00,39,Personal Care and Service
574,-9.912778,29.382067,39-6011.00,39,Personal Care and Service
575,11.94177,19.824478,39-6012.00,39,Personal Care and Service
576,12.348767,22.035618,39-7011.00,39,Personal Care and Service
577,9.333216,-2.2768521,39-7012.00,39,Personal Care and Service
578,7.978256,20.427393,39-9011.00,39,Personal Care and Service
579,3.641277,11.275155,39-9011.01,39,Personal Care and Service
580,0.7755499,21.270878,39-9021.00,39,Personal Care and Service
581,0.85673296,9.562035,39-9031.00,39,Personal Care and Service
582,10.882524,-10.16255,39-9032.00,39,Personal Care and Service
583,10.899498,-8.683639,39-9041.00,39,Personal Care and Service
584,9.248778,-10.978868,41-1011.00,41,Sales and Related
585,28.647657,-23.447414,41-1012.00,41,Sales and Related
586,3.1736112,28.428616,41-2011.00,41,Sales and Related
587,3.1813328,25.810139,41-2012.00,41,Sales and Related
588,3.2041285,22.440445,41-2021.00,41,Sales and Related
589,6.980126,16.616016,41-2022.00,41,Sales and Related
590,9.520854,18.966803,41-2031.00,41,Sales and Related
591,11.528812,0.6718146,41-3011.00,41,Sales and Related
592,34.26153,7.2758727,41-3021.00,41,Sales and Related
593,35.60014,-8.52035,41-3031.01,41,Sales and Related
594,33.37769,3.760965,41-3031.02,41,Sales and Related
595,32.5284,1.6651728,41-3031.03,41,Sales and Related
596,28.054447,9.90632,41-3041.00,41,Sales and Related
597,33.343582,1.8945693,41-3099.01,41,Sales and Related
598,12.274096,1.1270807,41-4011.00,41,Sales and Related
599,11.903591,-1.6735376,41-4011.07,41,Sales and Related
600,9.358803,-0.16188443,41-4012.00,41,Sales and Related
601,8.972627,18.349573,41-9011.00,41,Sales and Related
602,1.1424699,39.69785,41-9012.00,41,Sales and Related
603,35.22551,13.262807,41-9021.00,41,Sales and Related
604,9.738324,-1.3572943,41-9022.00,41,Sales and Related
605,21.890305,-35.23208,41-9031.00,41,Sales and Related
606,26.29919,23.271072,41-9041.00,41,Sales and Related
607,13.6806135,19.894815,41-9091.00,41,Sales and Related
608,20.080505,-19.77972,43-1011.00,43,Office and Administrative Support
609,26.992151,20.24862,43-2011.00,43,Office and Administrative Support
610,26.61269,20.839027,43-2021.00,43,Office and Administrative Support
611,26.174429,16.270689,43-3011.00,43,Office and Administrative Support
612,28.865437,17.543034,43-3021.01,43,Office and Administrative Support
613,28.03762,16.645374,43-3021.02,43,Office and Administrative Support
614,28.195036,14.552031,43-3031.00,43,Office and Administrative Support
615,6.7495666,28.069197,43-3041.00,43,Office and Administrative Support
616,28.841057,16.023182,43-3051.00,43,Office and Administrative Support
617,34.239506,14.031979,43-3061.00,43,Office and Administrative Support
618,5.548931,22.974415,43-3071.00,43,Office and Administrative Support
619,29.120731,6.421803,43-4011.00,43,Office and Administrative Support
620,30.035925,11.873742,43-4021.00,43,Office and Administrative Support
621,31.347654,17.810507,43-4031.01,43,Office and Administrative Support
622,33.673172,14.767555,43-4031.02,43,Office and Administrative Support
623,25.57797,19.107855,43-4031.03,43,Office and Administrative Support
624,30.54436,9.4216,43-4041.01,43,Office and Administrative Support
625,30.722631,18.654867,43-4041.02,43,Office and Administrative Support
626,26.94766,17.474335,43-4051.00,43,Office and Administrative Support
627,13.825264,-7.576467,43-4051.03,43,Office and Administrative Support
628,31.63727,10.20867,43-4061.00,43,Office and Administrative Support
629,21.17697,20.407907,43-4071.00,43,Office and Administrative Support
630,10.654517,19.492037,43-4081.00,43,Office and Administrative Support
631,27.14607,18.320238,43-4111.00,43,Office and Administrative Support
632,7.225881,25.70588,43-4121.00,43,Office and Administrative Support
633,30.234787,4.974955,43-4131.00,43,Office and Administrative Support
634,29.82524,15.255202,43-4141.00,43,Office and Administrative Support
635,26.906502,8.185645,43-4151.00,43,Office and Administrative Support
636,32.18075,12.031326,43-4161.00,43,Office and Administrative Support
637,25.212479,17.565554,43-4171.00,43,Office and Administrative Support
638,8.414828,18.054272,43-4181.00,43,Office and Administrative Support
639,25.723003,16.2496,43-5011.00,43,Office and Administrative Support
640,33.360104,-1.9755275,43-5011.01,43,Office and Administrative Support
641,-10.909007,30.05115,43-5021.00,43,Office and Administrative Support
642,10.000054,-16.472866,43-5031.00,43,Office and Administrative Support
643,27.472383,4.688366,43-5032.00,43,Office and Administrative Support
644,-11.161132,27.306927,43-5041.00,43,Office and Administrative Support
645,4.027311,24.665674,43-5051.00,43,Office and Administrative Support
646,-10.271297,32.30019,43-5052.00,43,Office and Administrative Support
647,-9.797255,36.139366,43-5053.00,43,Office and Administrative Support
648,0.43255055,-0.18983956,43-5061.00,43,Office and Administrative Support
649,-10.472546,26.35036,43-5071.00,43,Office and Administrative Support
650,-0.17223583,31.92126,43-5081.01,43,Office and Administrative Support
651,0.8779534,36.772198,43-5081.02,43,Office and Administrative Support
652,-1.7374659,32.575115,43-5081.03,43,Office and Administrative Support
653,-1.1197815,36.292023,43-5081.04,43,Office and Administrative Support
654,-20.646019,17.271183,43-5111.00,43,Office and Administrative Support
655,27.444118,7.575889,43-6011.00,43,Office and Administrative Support
656,31.082626,16.16815,43-6012.00,43,Office and Administrative Support
657,27.208302,18.899391,43-6013.00,43,Office and Administrative Support
658,31.903791,16.47788,43-6014.00,43,Office and Administrative Support
659,-11.054688,-3.9599285,43-9011.00,43,Office and Administrative Support
660,21.157879,21.440706,43-9021.00,43,Office and Administrative Support
661,22.472523,21.361813,43-9022.00,43,Office and Administrative Support
662,-20.96285,-10.535133,43-9031.00,43,Office and Administrative Support
663,29.87178,16.077866,43-9041.01,43,Office and Administrative Support
664,28.864853,15.106862,43-9041.02,43,Office and Administrative Support
665,-11.210935,36.551994,43-9051.00,43,Office and Administrative Support
666,24.91652,17.420338,43-9061.00,43,Office and Administrative Support
667,-18.21807,22.615084,43-9071.00,43,Office and Administrative Support
668,31.154804,20.864962,43-9081.00,43,Office and Administrative Support
669,38.937206,-14.775327,43-9111.00,43,Office and Administrative Support
670,37.054234,-15.715122,43-9111.01,43,Office and Administrative Support
671,-22.208647,-21.277632,45-1011.05,45,"Farming, Fishing, and Forestry"
672,-19.003572,-23.073656,45-1011.06,45,"Farming, Fishing, and Forestry"
673,-21.024992,-20.913513,45-1011.07,45,"Farming, Fishing, and Forestry"
674,-19.298437,-22.407373,45-1011.08,45,"Farming, Fishing, and Forestry"
675,-11.588962,-14.146894,45-2011.00,45,"Farming, Fishing, and Forestry"
676,-14.608816,32.48195,45-2021.00,45,"Farming, Fishing, and Forestry"
677,-2.6230648,41.383747,45-2041.00,45,"Farming, Fishing, and Forestry"
678,-30.80827,36.26751,45-2091.00,45,"Farming, Fishing, and Forestry"
679,-17.45019,39.681625,45-2092.01,45,"Farming, Fishing, and Forestry"
680,-17.908285,43.73735,45-2092.02,45,"Farming, Fishing, and Forestry"
681,-32.491875,30.575165,45-2093.00,45,"Farming, Fishing, and Forestry"
682,-40.0148,32.179707,45-3011.00,45,"Farming, Fishing, and Forestry"
683,-25.889645,35.02409,45-3021.00,45,"Farming, Fishing, and Forestry"
684,-25.671494,13.16925,45-4011.00,45,"Farming, Fishing, and Forestry"
685,-30.126993,40.152565,45-4021.00,45,"Farming, Fishing, and Forestry"
686,-33.53721,35.569237,45-4022.00,45,"Farming, Fishing, and Forestry"
687,-21.258936,16.95078,45-4023.00,45,"Farming, Fishing, and Forestry"
688,-19.198166,-20.268005,47-1011.00,47,Construction and Extraction
689,-19.806791,-24.115248,47-1011.03,47,Construction and Extraction
690,-38.12842,10.098616,47-2011.00,47,Construction and Extraction
691,-25.983267,37.11014,47-2021.00,47,Construction and Extraction
692,-26.782902,14.131114,47-2022.00,47,Construction and Extraction
693,-30.306904,14.763467,47-2031.01,47,Construction and Extraction
694,-28.611515,12.711566,47-2031.02,47,Construction and Extraction
695,-24.793829,37.244446,47-2041.00,47,Construction and Extraction
696,-16.80463,36.39332,47-2042.00,47,Construction and Extraction
697,-15.493859,40.671795,47-2043.00,47,Construction and Extraction
698,-27.095015,14.60407,47-2044.00,47,Construction and Extraction
699,-25.03435,38.8582,47-2051.00,47,Construction and Extraction
700,-25.640085,38.711174,47-2053.00,47,Construction and Extraction
701,-21.890373,39.147537,47-2061.00,47,Construction and Extraction
702,-30.889912,38.188004,47-2071.00,47,Construction and Extraction
703,-31.687885,37.795902,47-2072.00,47,Construction and Extraction
704,-43.271973,28.484543,47-2073.00,47,Construction and Extraction
705,-23.945591,38.139244,47-2081.00,47,Construction and Extraction
706,-16.175083,38.421642,47-2082.00,47,Construction and Extraction
707,-39.0844,4.5105023,47-2111.00,47,Construction and Extraction
708,-19.223818,36.975113,47-2121.00,47,Construction and Extraction
709,-23.881323,35.732666,47-2131.00,47,Construction and Extraction
710,-24.92948,18.459827,47-2132.00,47,Construction and Extraction
711,-18.182184,36.805405,47-2141.00,47,Construction and Extraction
712,-16.60752,37.5633,47-2142.00,47,Construction and Extraction
713,-23.586014,34.09195,47-2151.00,47,Construction and Extraction
714,-28.975994,12.315351,47-2152.01,47,Construction and Extraction
715,-37.118496,8.961061,47-2152.02,47,Construction and Extraction
716,-23.56757,36.93672,47-2161.00,47,Construction and Extraction
717,-26.174644,40.007114,47-2171.00,47,Construction and Extraction
718,-23.762283,39.014416,47-2181.00,47,Construction and Extraction
719,-31.313519,18.199406,47-2211.00,47,Construction and Extraction
720,-43.33036,32.86363,47-2221.00,47,Construction and Extraction
721,-35.309723,9.022761,47-2231.00,47,Construction and Extraction
722,-26.725988,39.758286,47-3011.00,47,Construction and Extraction
723,-22.944248,35.981205,47-3012.00,47,Construction and Extraction
724,-20.331915,39.695877,47-3013.00,47,Construction and Extraction
725,-17.305984,42.84823,47-3014.00,47,Construction and Extraction
726,-19.153234,40.089455,47-3015.00,47,Construction and Extraction
727,-27.871773,39.627754,47-3016.00,47,Construction and Extraction
728,-10.808477,-13.104975,47-4011.00,47,Construction and Extraction
729,-35.49125,4.4354777,47-4021.00,47,Construction and Extraction
730,-24.776602,40.438118,47-4031.00,47,Construction and Extraction
731,-34.34645,0.4961117,47-4041.00,47,Construction and Extraction
732,-36.17304,31.509363,47-4051.00,47,Construction and Extraction
733,-41.457176,29.966358,47-4061.00,47,Construction and Extraction
734,-40.74127,29.574745,47-4071.00,47,Construction and Extraction
735,-25.21678,14.041454,47-4091.00,47,Construction and Extraction
736,-36.02866,6.8710566,47-4099.02,47,Construction and Extraction
737,-35.57075,8.1354885,47-4099.03,47,Construction and Extraction
738,-43.385735,24.085922,47-5011.00,47,Construction and Extraction
739,-35.02319,0.6936462,47-5012.00,47,Construction and Extraction
740,-43.155197,22.85372,47-5013.00,47,Construction and Extraction
741,-42.26045,28.563423,47-5021.00,47,Construction and Extraction
742,-36.22471,1.7553052,47-5031.00,47,Construction and Extraction
743,-42.367634,30.364704,47-5041.00,47,Construction and Extraction
744,-40.655964,28.73781,47-5042.00,47,Construction and Extraction
745,-15.516513,40.709145,47-5051.00,47,Construction and Extraction
746,-42.032036,32.504414,47-5061.00,47,Construction and Extraction
747,-29.690353,38.69206,47-5071.00,47,Construction and Extraction
748,-41.10118,30.683609,47-5081.00,47,Construction and Extraction
749,-19.112057,-24.95245,49-1011.00,49,"Installation, Maintenance, and Repair"
750,-30.837137,6.798486,49-2011.00,49,"Installation, Maintenance, and Repair"
751,-34.871593,9.520847,49-2021.00,49,"Installation, Maintenance, and Repair"
752,-31.649492,6.3260903,49-2021.01,49,"Installation, Maintenance, and Repair"
753,-39.889355,3.5815647,49-2022.00,49,"Installation, Maintenance, and Repair"
754,-27.187187,0.69455135,49-2091.00,49,"Installation, Maintenance, and Repair"
755,-41.031994,7.1366487,49-2092.00,49,"Installation, Maintenance, and Repair"
756,-31.282875,7.7729406,49-2093.00,49,"Installation, Maintenance, and Repair"
757,-39.578716,2.4324486,49-2094.00,49,"Installation, Maintenance, and Repair"
758,-29.65328,1.4544338,49-2095.00,49,"Installation, Maintenance, and Repair"
759,-33.140602,7.928,49-2096.00,49,"Installation, Maintenance, and Repair"
760,-30.753277,4.109363,49-2097.00,49,"Installation, Maintenance, and Repair"
761,-34.242172,11.076328,49-2098.00,49,"Installation, Maintenance, and Repair"
762,-40.809505,2.6758265,49-3011.00,49,"Installation, Maintenance, and Repair"
763,-32.229702,14.245512,49-3021.00,49,"Installation, Maintenance, and Repair"
764,-20.813206,36.182983,49-3022.00,49,"Installation, Maintenance, and Repair"
765,-40.563416,6.499731,49-3023.01,49,"Installation, Maintenance, and Repair"
766,-40.17399,9.994751,49-3023.02,49,"Installation, Maintenance, and Repair"
767,-39.313915,10.218975,49-3031.00,49,"Installation, Maintenance, and Repair"
768,-40.968185,8.515835,49-3041.00,49,"Installation, Maintenance, and Repair"
769,-41.12216,6.027308,49-3042.00,49,"Installation, Maintenance, and Repair"
770,-38.824345,11.85076,49-3043.00,49,"Installation, Maintenance, and Repair"
771,-37.42834,15.621063,49-3051.00,49,"Installation, Maintenance, and Repair"
772,-39.6818,14.391532,49-3052.00,49,"Installation, Maintenance, and Repair"
773,-36.932327,15.587,49-3053.00,49,"Installation, Maintenance, and Repair"
774,-30.757877,9.737965,49-3091.00,49,"Installation, Maintenance, and Repair"
775,-32.987377,10.779184,49-3092.00,49,"Installation, Maintenance, and Repair"
776,-21.113905,34.7263,49-3093.00,49,"Installation, Maintenance, and Repair"
777,-30.748402,12.055653,49-9011.00,49,"Installation, Maintenance, and Repair"
778,-34.14522,12.064727,49-9012.00,49,"Installation, Maintenance, and Repair"
779,-39.615856,4.7789273,49-9021.01,49,"Installation, Maintenance, and Repair"
780,-40.450706,4.486094,49-9021.02,49,"Installation, Maintenance, and Repair"
781,-32.86031,8.367937,49-9031.00,49,"Installation, Maintenance, and Repair"
782,-41.808216,7.9296427,49-9041.00,49,"Installation, Maintenance, and Repair"
783,-36.044514,16.14467,49-9043.00,49,"Installation, Maintenance, and Repair"
784,-41.551327,4.9736567,49-9044.00,49,"Installation, Maintenance, and Repair"
785,-27.29167,30.213243,49-9045.00,49,"Installation, Maintenance, and Repair"
786,-36.001057,2.9621112,49-9051.00,49,"Installation, Maintenance, and Repair"
787,-33.71466,12.630928,49-9052.00,49,"Installation, Maintenance, and Repair"
788,-16.147188,18.08688,49-9061.00,49,"Installation, Maintenance, and Repair"
789,-30.126045,2.6337106,49-9062.00,49,"Installation, Maintenance, and Repair"
790,-40.716396,14.035034,49-9063.00,49,"Installation, Maintenance, and Repair"
791,-15.151402,18.62695,49-9064.00,49,"Installation, Maintenance, and Repair"
792,-36.796917,11.841453,49-9071.00,49,"Installation, Maintenance, and Repair"
793,-38.36491,7.306371,49-9081.00,49,"Installation, Maintenance, and Repair"
794,-34.287632,16.41661,49-9091.00,49,"Installation, Maintenance, and Repair"
795,-37.25061,2.5843046,49-9092.00,49,"Installation, Maintenance, and Repair"
796,-6.9782653,38.61301,49-9093.00,49,"Installation, Maintenance, and Repair"
797,-30.216404,9.03073,49-9094.00,49,"Installation, Maintenance, and Repair"
798,-42.818756,4.7798495,49-9095.00,49,"Installation, Maintenance, and Repair"
799,-38.011745,29.939636,49-9096.00,49,"Installation, Maintenance, and Repair"
800,-42.93865,8.421712,49-9097.00,49,"Installation, Maintenance, and Repair"
801,-28.419416,36.153507,49-9098.00,49,"Installation, Maintenance, and Repair"
802,-39.929726,-0.06134299,49-9099.01,49,"Installation, Maintenance, and Repair"
803,-18.160818,-21.696047,51-1011.00,51,Production
804,-35.95438,10.690898,51-2011.00,51,Production
805,-10.800457,37.56792,51-2021.00,51,Production
806,-20.997112,22.954618,51-2022.00,51,Production
807,-20.376009,22.74319,51-2023.00,51,Production
808,-35.55048,16.830564,51-2031.00,51,Production
809,-13.462378,42.42282,51-2041.00,51,Production
810,-32.300453,29.422503,51-2091.00,51,Production
811,-18.310715,24.041151,51-2092.00,51,Production
812,-15.499124,19.81037,51-2093.00,51,Production
813,-9.088944,20.640833,51-3011.00,51,Production
814,-8.852115,22.841572,51-3021.00,51,Production
815,-12.90913,37.037987,51-3022.00,51,Production
816,-4.5387874,41.30704,51-3023.00,51,Production
817,-23.484825,26.074701,51-3091.00,51,Production
818,-19.289751,27.945555,51-3092.00,51,Production
819,-19.537497,28.214272,51-3093.00,51,Production
820,-43.99155,1.7502549,51-4011.00,51,Production
821,-21.884361,-1.0473664,51-4012.00,51,Production
822,-31.640808,27.153957,51-4021.00,51,Production
823,-26.587942,26.109179,51-4022.00,51,Production
824,-39.94489,22.388575,51-4023.00,51,Production
825,-28.1691,27.136091,51-4031.00,51,Production
826,-27.58031,24.10694,51-4032.00,51,Production
827,-31.538603,24.09511,51-4033.00,51,Production
828,-25.160835,29.206106,51-4034.00,51,Production
829,-27.075352,25.084345,51-4035.00,51,Production
830,-32.45238,19.29414,51-4041.00,51,Production
831,-35.933933,26.962805,51-4051.00,51,Production
832,-29.199963,30.755013,51-4052.00,51,Production
833,-29.204472,21.731342,51-4061.00,51,Production
834,-27.091404,22.123968,51-4062.00,51,Production
835,-13.373848,41.029434,51-4071.00,51,Production
836,-29.00558,26.108164,51-4072.00,51,Production
837,-34.14093,20.238462,51-4081.00,51,Production
838,-28.166252,22.279034,51-4111.00,51,Production
839,-30.73496,18.855623,51-4121.06,51,Production
840,-6.546269,40.54866,51-4121.07,51,Production
841,-26.686396,28.554379,51-4122.00,51,Production
842,-34.044415,26.461199,51-4191.00,51,Production
843,-27.107643,21.239758,51-4192.00,51,Production
844,-24.73592,26.018517,51-4193.00,51,Production
845,-31.764103,22.90396,51-4194.00,51,Production
846,-15.504336,16.439524,51-5111.00,51,Production
847,-20.024708,20.344482,51-5112.00,51,Production
848,-32.784225,13.132457,51-5113.00,51,Production
849,-5.5335937,37.183548,51-6011.00,51,Production
850,-5.4307046,41.431335,51-6021.00,51,Production
851,-8.178189,39.53372,51-6031.00,51,Production
852,-6.3005667,39.009968,51-6041.00,51,Production
853,-9.467174,40.33578,51-6042.00,51,Production
854,-13.378292,19.620182,51-6051.00,51,Production
855,-11.328104,19.199213,51-6052.00,51,Production
856,-25.722166,24.824966,51-6061.00,51,Production
857,-30.611464,27.39867,51-6062.00,51,Production
858,-9.738383,40.43094,51-6063.00,51,Production
859,-29.676182,27.565947,51-6064.00,51,Production
860,-35.817307,25.645159,51-6091.00,51,Production
861,-8.2646475,-2.3676343,51-6092.00,51,Production
862,-28.896048,17.36284,51-6093.00,51,Production
863,-29.872856,19.64837,51-7011.00,51,Production
864,-28.348429,17.712988,51-7021.00,51,Production
865,-25.549803,19.419125,51-7031.00,51,Production
866,-30.31111,20.534103,51-7032.00,51,Production
867,-25.592463,30.110254,51-7041.00,51,Production
868,-30.091915,25.112812,51-7042.00,51,Production
869,-15.211632,1.1134297,51-8011.00,51,Production
870,-12.169846,-12.031472,51-8012.00,51,Production
871,-34.498734,-1.6985672,51-8013.00,51,Production
872,-35.46042,20.077461,51-8021.00,51,Production
873,-33.149334,-2.5132213,51-8031.00,51,Production
874,-34.819286,-3.9840417,51-8091.00,51,Production
875,-36.22044,-3.684362,51-8092.00,51,Production
876,-36.068726,-4.2179613,51-8093.00,51,Production
877,-39.791714,-1.4305575,51-8099.01,51,Production
878,-39.658592,20.566063,51-8099.03,51,Production
879,-39.88679,-0.6972541,51-8099.04,51,Production
880,-34.290325,-2.5006452,51-9011.00,51,Production
881,-39.029823,21.708664,51-9012.00,51,Production
882,-39.805874,23.255621,51-9021.00,51,Production
883,-29.329876,30.934637,51-9022.00,51,Production
884,-37.095547,23.25222,51-9023.00,51,Production
885,-6.606294,37.163082,51-9031.00,51,Production
886,-31.776005,24.659748,51-9032.00,51,Production
887,-30.597477,26.028713,51-9041.00,51,Production
888,-20.356457,29.009071,51-9051.00,51,Production
889,-20.836903,18.239687,51-9061.00,51,Production
890,-13.542721,16.776596,51-9071.01,51,Production
891,-13.912799,17.308573,51-9071.06,51,Production
892,-14.240641,18.812557,51-9071.07,51,Production
893,-15.467934,16.694921,51-9081.00,51,Production
894,-17.466093,-0.61361927,51-9082.00,51,Production
895,-19.124086,20.985016,51-9083.00,51,Production
896,-34.936325,31.552519,51-9111.00,51,Production
897,-30.017662,29.632227,51-9121.00,51,Production
898,-27.03279,32.387547,51-9122.00,51,Production
899,-4.686813,37.13182,51-9123.00,51,Production
900,-21.825094,23.0404,51-9141.00,51,Production
901,-24.476269,2.5645509,51-9151.00,51,Production
902,-33.17074,26.645845,51-9191.00,51,Production
903,-13.132789,38.78026,51-9192.00,51,Production
904,-37.51425,21.656834,51-9193.00,51,Production
905,-22.050253,21.689133,51-9194.00,51,Production
906,-23.854294,29.666458,51-9195.03,51,Production
907,-31.579542,21.596294,51-9195.04,51,Production
908,-22.798397,29.89158,51-9195.05,51,Production
909,-31.23141,29.755924,51-9195.07,51,Production
910,-25.763601,26.71985,51-9196.00,51,Production
911,-12.434232,40.896065,51-9197.00,51,Production
912,-13.782073,40.339256,51-9198.00,51,Production
913,-29.543627,32.47253,51-9199.01,51,Production
914,-21.412472,-18.344984,53-1011.00,53,Transportation and Material Moving
915,5.997994,-9.185209,53-1021.00,53,Transportation and Material Moving
916,7.494357,-3.3446703,53-1021.01,53,Transportation and Material Moving
917,-17.326864,-21.32326,53-1031.00,53,Transportation and Material Moving
918,-27.683496,-23.951015,53-2011.00,53,Transportation and Material Moving
919,-27.688824,-23.209665,53-2012.00,53,Transportation and Material Moving
920,-6.9494395,-22.214554,53-2021.00,53,Transportation and Material Moving
921,-11.509905,-15.1653385,53-2022.00,53,Transportation and Material Moving
922,4.3605385,14.003581,53-2031.00,53,Transportation and Material Moving
923,-24.190527,13.038625,53-3011.00,53,Transportation and Material Moving
924,-38.28569,36.695442,53-3021.00,53,Transportation and Material Moving
925,-37.927826,36.328182,53-3022.00,53,Transportation and Material Moving
926,-10.11622,28.15766,53-3031.00,53,Transportation and Material Moving
927,-44.42946,29.029493,53-3032.00,53,Transportation and Material Moving
928,-11.658964,30.620838,53-3033.00,53,Transportation and Material Moving
929,-38.905243,37.10895,53-3041.00,53,Transportation and Material Moving
930,-47.18546,24.858028,53-4011.00,53,Transportation and Material Moving
931,-45.30302,26.786703,53-4012.00,53,Transportation and Material Moving
932,-44.677105,25.19446,53-4013.00,53,Transportation and Material Moving
933,-42.09061,27.03378,53-4021.00,53,Transportation and Material Moving
934,-12.728124,-15.912821,53-4031.00,53,Transportation and Material Moving
935,-46.37532,25.329784,53-4041.00,53,Transportation and Material Moving
936,-44.547325,24.341507,53-5011.00,53,Transportation and Material Moving
937,-26.19085,-22.762634,53-5021.01,53,Transportation and Material Moving
938,-24.314558,-15.244628,53-5021.02,53,Transportation and Material Moving
939,-27.597853,-22.762428,53-5021.03,53,Transportation and Material Moving
940,-45.650757,24.124573,53-5022.00,53,Transportation and Material Moving
941,-41.197277,0.94509137,53-5031.00,53,Transportation and Material Moving
942,-37.072147,35.28373,53-6011.00,53,Transportation and Material Moving
943,-11.943955,29.0759,53-6021.00,53,Transportation and Material Moving
944,-21.201975,33.826225,53-6031.00,53,Transportation and Material Moving
945,-13.395109,-12.632207,53-6041.00,53,Transportation and Material Moving
946,-15.212527,-12.009114,53-6051.01,53,Transportation and Material Moving
947,-24.0338,24.459366,53-6051.07,53,Transportation and Material Moving
948,-10.476366,-11.074692,53-6051.08,53,Transportation and Material Moving
949,-0.783571,24.148592,53-6061.00,53,Transportation and Material Moving
950,-36.524044,25.335852,53-7011.00,53,Transportation and Material Moving
951,-44.255707,27.94605,53-7021.00,53,Transportation and Material Moving
952,-32.74124,36.39407,53-7031.00,53,Transportation and Material Moving
953,-45.212017,29.082596,53-7032.00,53,Transportation and Material Moving
954,-21.622759,44.266872,53-7033.00,53,Transportation and Material Moving
955,-40.244747,27.740627,53-7041.00,53,Transportation and Material Moving
956,-32.467976,37.624256,53-7051.00,53,Transportation and Material Moving
957,-4.7563243,43.079033,53-7061.00,53,Transportation and Material Moving
958,-17.940716,40.390087,53-7062.00,53,Transportation and Material Moving
959,-12.806553,38.576485,53-7063.00,53,Transportation and Material Moving
960,-3.9994552,41.781166,53-7064.00,53,Transportation and Material Moving
961,-37.718266,23.753479,53-7071.00,53,Transportation and Material Moving
962,-38.318237,21.968332,53-7072.00,53,Transportation and Material Moving
963,-27.471453,28.339766,53-7073.00,53,Transportation and Material Moving
964,-19.012087,42.980766,53-7081.00,53,Transportation and Material Moving
965,-12.593165,44.09466,53-7111.00,53,Transportation and Material Moving
966,-41.418537,25.84733,53-7121.00,53,Transportation and Material Moving
